SH, 09, 2025010712,   , BEST,   0, 121S, 1080E,  15, 1009, DB,   0,    ,    0,    0,    0,    0,    0,    0,   0,   0,   0,   S,   0,    ,   0,   0,     INVEST,  , 
SH, 09, 2025010718,   , BEST,   0, 120S, 1072E,  15, 1009, DB,   0,    ,    0,    0,    0,    0,    0,    0,   0,   0,   0,   S,   0,    ,   0,   0,     INVEST,  , 
SH, 09, 2025010800,   , BEST,   0, 126S, 1061E,  15, 1009, DB,   0,    ,    0,    0,    0,    0, 1011,    0,   0,   0,   0,   S,   0,    ,   0,   0,     INVEST,  , 
SH, 09, 2025010806,   , BEST,   0, 133S, 1053E,  15, 1009, DB,   0,    ,    0,    0,    0,    0, 1011,    0,   0,   0,   0,   S,   0,    ,   0,   0,     INVEST,  , 
SH, 09, 2025010812,   , BEST,   0, 136S, 1047E,  20, 1005, DB,   0,    ,    0,    0,    0,    0, 1008,    0,   0,   0,   0,   S,   0,    ,   0,   0,     INVEST,  , 
SH, 09, 2025010818,   , BEST,   0, 136S, 1040E,  20, 1004, DB,   0,    ,    0,    0,    0,    0, 1008,  270,  50,   0,   0,   S,   0,    ,   0,   0,     INVEST,  , 
SH, 09, 2025010900,   , BEST,   0, 136S, 1035E,  20, 1005, DB,   0,    ,    0,    0,    0,    0, 1008,  170,  50,   0,   0,   S,   0,    ,   0,   0,     INVEST,  , 
SH, 09, 2025010906,   , BEST,   0, 148S, 1032E,  25, 1005, TD,   0,    ,    0,    0,    0,    0, 1008,  170,  50,   0,   0,   S,   0,    ,   0,   0,     INVEST,  , 
SH, 09, 2025010912,   , BEST,   0, 155S, 1035E,  30, 1005, TD,   0,    ,    0,    0,    0,    0, 1008,  170,  50,   0,   0,   S,   0,    ,   0,   0,     INVEST,  , 
SH, 09, 2025010918,   , BEST,   0, 167S, 1036E,  30, 1003, TD,   0,    ,    0,    0,    0,    0, 1009,  230,  40,   0,   0,   S,   0,    ,   0,   0,     INVEST, S, 
SH, 09, 2025011000,   , BEST,   0, 174S, 1035E,  30, 1003, TD,   0,    ,    0,    0,    0,    0, 1010,  230,  40,   0,   0,   S,   0,    ,   0,   0,     INVEST, S, 
SH, 09, 2025011006,   , BEST,   0, 175S, 1036E,  30, 1003, TD,   0,    ,    0,    0,    0,    0, 1010,  230,  40,   0,   0,   S,   0,    ,   0,   0,     INVEST, S, 
SH, 09, 2025011012,   , BEST,   0, 177S, 1033E,  30, 1003, TD,   0,    ,    0,    0,    0,    0, 1010,  230,  40,   0,   0,   S,   0,    ,   0,   0,     INVEST,  , 
SH, 09, 2025011018,   , BEST,   0, 177S, 1033E,  25,  997, TD,   0,    ,    0,    0,    0,    0, 1009,  150,  40,   0,   0,   S,   0,    ,   0,   0,     INVEST, S, 
SH, 09, 2025011100,   , BEST,   0, 181S, 1030E,  25,  998, TD,   0,    ,    0,    0,    0,    0, 1009,  150,  40,   0,   0,   S,   0,    ,   0,   0,     INVEST, S, 
SH, 09, 2025011106,   , BEST,   0, 187S, 1026E,  25, 1002, TD,   0,    ,    0,    0,    0,    0, 1008,  110,  40,   0,   0,   S,   0,    ,   0,   0,     INVEST,  , 
SH, 09, 2025011112,   , BEST,   0, 188S, 1024E,  25, 1003, TD,   0,    ,    0,    0,    0,    0, 1008,  100,  40,   0,   0,   S,   0,    ,   0,   0,     INVEST,  , 
SH, 09, 2025011118,   , BEST,   0, 189S, 1023E,  25, 1004, TD,   0,    ,    0,    0,    0,    0, 1008,  140,  50,   0,   0,   S,   0,    ,   0,   0,     INVEST,  , 
SH, 09, 2025011200,   , BEST,   0, 188S, 1021E,  25, 1004, TD,   0,    ,    0,    0,    0,    0, 1008,  130,  55,   0,   0,   S,   0,    ,   0,   0,     INVEST,  , 
SH, 09, 2025011206,   , BEST,   0, 189S, 1016E,  25, 1006, TD,   0,    ,    0,    0,    0,    0, 1008,   75, 105,   0,   0,   S,   0,    ,   0,   0,     INVEST,  , 
SH, 09, 2025011212,   , BEST,   0, 186S, 1012E,  25, 1006, TD,   0,    ,    0,    0,    0,    0, 1008,  125,  60,   0,   0,   S,   0,    ,   0,   0,     INVEST,  , 
SH, 09, 2025011218,   , BEST,   0, 180S, 1011E,  25, 1006, TD,   0,    ,    0,    0,    0,    0, 1008,  125,  60,   0,   0,   S,   0,    ,   0,   0,     INVEST,  , 
SH, 09, 2025011300,   , BEST,   0, 178S, 1010E,  25, 1007, TD,   0,    ,    0,    0,    0,    0, 1009,  160,  65,   0,   0,   S,   0,    ,   0,   0,     INVEST,  , 
SH, 09, 2025011306,   , BEST,   0, 173S, 1004E,  20, 1006, DB,   0,    ,    0,    0,    0,    0, 1006,   75,  25,   0,   0,   S,   0,    ,   0,   0,     INVEST,  , 
SH, 09, 2025011312,   , BEST,   0, 168S,  997E,  20, 1006, DB,   0,    ,    0,    0,    0,    0,    0,    0,  25,   0,   0,   S,   0,    ,   0,   0,     INVEST,  , 
SH, 09, 2025011318,   , BEST,   0, 163S,  985E,  20, 1006, DB,   0,    ,    0,    0,    0,    0, 1008,  100,  30,   0,   0,   S,   0,    ,   0,   0,     INVEST,  , 
SH, 09, 2025011400,   , BEST,   0, 159S,  974E,  20, 1007, DB,   0,    ,    0,    0,    0,    0, 1008,   80,  30,   0,   0,   S,   0,    ,   0,   0,     INVEST,  , 
SH, 09, 2025011406,   , BEST,   0, 155S,  961E,  20, 1007, DB,   0,    ,    0,    0,    0,    0, 1008,   80,  30,   0,   0,   S,   0,    ,   0,   0,     INVEST,  , 
SH, 09, 2025011412,   , BEST,   0, 149S,  951E,  20, 1007, DB,   0,    ,    0,    0,    0,    0, 1008,   80,  30,   0,   0,   S,   0,    ,   0,   0,     INVEST,  , 
SH, 09, 2025011418,   , BEST,   0, 146S,  939E,  20, 1008, DB,   0,    ,    0,    0,    0,    0,    0,    0,  30,   0,   0,   S,   0,    ,   0,   0,     INVEST,  , 
SH, 09, 2025011500,   , BEST,   0, 146S,  928E,  20, 1008, DB,   0,    ,    0,    0,    0,    0,    0,    0,   0,   0,   0,   S,   0,    ,   0,   0,     INVEST,  , 
SH, 09, 2025011506,   , BEST,   0, 146S,  918E,  20, 1008, DB,   0,    ,    0,    0,    0,    0,    0,    0,   0,   0,   0,   S,   0,    ,   0,   0,     INVEST,  , 
SH, 09, 2025011512,   , BEST,   0, 145S,  910E,  20, 1008, DB,   0,    ,    0,    0,    0,    0,    0,    0,   0,   0,   0,   S,   0,    ,   0,   0,     INVEST,  , 
SH, 09, 2025011518,   , BEST,   0, 145S,  904E,  20, 1008, DB,   0,    ,    0,    0,    0,    0,    0,    0,   0,   0,   0,   S,   0,    ,   0,   0,     INVEST,  ,  0,    ,    0,    0,    0,    0, TRANSITIONED, shC72025 to sh092025, 
